1.0191
1.0073
0.9128
1.2730
1.0259
0.5376
0.8345
0.9668
0.9050
1.0171
1.0381
0.7643
0.6296
0.7632
0.6931
1.2126
0.9746
1.2183
1.1673
1.0370
0.9641
1.0027
1.0709
0.7775
1.0078
1.1352
1.0532
1.2422
1.1243
1.3382
1.2857
0.0751
359.9440
359.7385
359.8563
359.8010
359.7496
359.9113
359.9358
0.2804
0.1059
0.2159
0.4910
0.6318
0.5238
0.7498
0.8307
1.0312
1.0007
1.1569
1.1190
1.1157
0.8098
0.9007
0.7820
0.6935
0.6090
0.7214
0.7390
0.8353
0.9853
1.0151
0.8779
0.7505
0.7829
0.8328
0.6507
0.8017
0.6778
0.9571
1.0174
0.9475
1.0495
0.0771
0.4711
1.1532
0.4325
0.1336
0.1339
0.0852
0.1281
0.7612
0.9267
0.8873
0.9104
0.7516
1.0207
0.9672
1.1778
1.2462
1.2137
1.2051
1.1149
1.0385
0.7235
0.6365
0.8879
0.7264
0.8544
1.1086
0.9225
1.0220
1.0820
0.0030
0.0076
0.0446
0.7991
0.1974
0.2473
0.5855
0.7100
0.1813
0.7362
0.6566
0.7053
0.7698
0.8651
0.7843
0.9902
0.8869
1.2584
1.4095
1.5077
1.3720
1.4532
1.4561
1.6986
1.9506
1.3551
1.7700
1.2806
1.1719
0.9644
0.8663
1.0564
0.9650
1.1273
1.1311
1.0894
1.1436
1.1086
0.9833
1.1911
0.9826
0.9595
1.0035
1.0741
1.2050
1.0952
1.0790
1.1180
0.3479
1.0941
0.9082
0.9005
1.0477
1.1406
0.8722
0.7964
0.6087
0.8087
0.6686
0.5874
0.5451
0.5623
0.5405
0.5495
0.2392
0.2058
0.0996
0.0612
0.0373
359.3004
359.0980
358.9648
358.7398
358.6480
358.8420
358.9050
358.8148
358.8057
358.7545
358.5221
358.2080
358.4339
358.3717
358.6696
358.5328
358.5082
358.8116
358.7698
359.1265
359.1074
359.2825
358.8810
359.2224
359.1939
359.6435
359.4327
359.5684
0.0981
0.1340
0.1324
0.3802
0.4346
0.2959
0.0029
0.2176
0.5223
0.3557
0.3630
0.3780
0.2743
0.4198
0.2357
0.2888
0.2857
0.0523
359.4778
359.3980
358.9486
358.9922
358.5123
358.5422
358.4540
358.2927
357.8800
357.3071
356.6976
356.4970
356.4100
356.2137
355.9525
355.5784
355.2928
354.8511
354.1560
353.7415
353.7186
353.0919
352.6229
351.9898
351.0404
350.9349
350.6744
349.7281
349.0080
348.7815
347.9936
347.1557
346.6684
346.2607
344.8646
344.5133
343.8896
343.0249
342.2582
341.4162
340.4534
339.7594
338.8450
338.9575
337.5447
337.6314
336.2059
335.1101
334.4788
333.5788
332.7575
331.7464
330.8395
329.7051
328.5092
328.2532
327.2034
325.5433
325.4144
324.1085
323.4597
322.1861
321.4280
320.1428
319.4689
318.4820
317.6389
316.7116
315.2612
314.4975
313.3626
312.3246
311.4907
310.7260
309.7431
308.9416
308.0032
307.3517
306.3242
305.1334
304.4724
302.9819
302.0386
301.1069
299.8225
299.1125
297.7658
297.7909
296.5101
295.8149
294.8150
293.3734
292.1947
291.4772
290.9291
289.5112
288.9728
287.6348
287.1899
286.0033
285.1042
284.3827
283.2821
282.0555
281.4979
280.8694
279.5816
278.9160
277.4300
276.9958
276.0215
274.8967
273.8880
273.3073
272.3091
271.3366
270.2000
269.3116
268.6234
267.4034
266.6806
265.4986
264.8196
263.7867
263.0291
262.1478
261.4427
260.4758
258.9127
258.5759
257.2044
256.6731
256.2908
254.6570
253.6826
252.9475
251.9822
251.4697
250.2281
249.9271
248.5241
247.1213
246.4344
245.8793
244.9111
244.4138
243.2133
242.7637
241.2802
240.6195
239.4776
239.2506
238.2929
237.6095
236.4274
234.7351
233.9283
233.5172
231.9986
231.5912
230.0363
229.4261
228.7660
227.9942
227.3860
226.5053
225.7516
224.9006
224.2708
223.3607
222.4938
221.3262
220.6449
219.4018
218.8160
218.1301
217.1373
215.8244
215.2421
214.0727
213.5255
212.5041
211.5247
210.9267
210.0386
209.8539
208.4683
207.7328
207.0542
205.1771
204.3099
203.8284
203.1928
202.6448
201.9118
200.6421
199.8014
198.7596
197.8578
197.0999
195.6793
195.7558
194.9970
193.6569
192.3886
191.9865
190.9523
189.8895
189.0535
188.5736
187.3500
187.3426
186.2472
184.8788
184.6843
183.4392
182.6928
182.0838
180.9247
180.2239
179.1154
178.5830
177.1150
176.0460
176.0920
175.0411
173.9629
173.4822
172.7154
171.6382
170.9523
170.5184
169.1806
168.0669
167.8322
167.1504
166.3197
164.8020
164.1560
163.7203
162.5906
161.6807
160.7812
159.5524
158.7352
158.1171
157.3320
156.5141
155.9572
155.5290
154.1215
153.1830
152.4229
151.4195
150.8617
149.4789
149.6502
148.0178
147.3983
147.1566
146.0712
145.1201
143.6167
143.6754
142.1462
142.0026
140.8866
139.8593
138.5598
138.5096
137.2287
136.2168
136.1393
134.9956
134.1687
132.9319
132.3788
131.5683
130.5155
129.8502
129.2537
128.2620
127.2691
126.8076
125.7943
124.8688
124.0243
123.3755
122.1273
121.3286
120.8232
120.1042
119.3469
118.0695
117.2044
116.7772
115.6629
115.0418
114.4808
112.8571
112.3173
111.4994
110.7657
109.5418
108.9057
108.0828
107.5364
106.2604
105.1793
104.7271
104.0620
103.0961
102.7258
101.6315
100.6499
100.1356
99.7135
98.6210
97.8315
97.2038
96.2119
94.8516
94.0211
93.1072
92.4514
91.3197
90.7657
89.7586
88.8407
88.1294
87.2977
86.9035
85.6464
84.8237
83.9019
82.6384
82.5663
81.5812
80.4793
80.2242
79.8468
78.2324
77.2885
76.9529
75.9302
74.8756
74.3667
73.3849
72.3277
71.4389
70.8563
69.9237
68.4026
67.6846
67.2123
66.6023
65.8817
64.3850
63.8028
62.7477
62.2718
61.0953
60.0022
59.7333
59.1333
58.3429
57.2572
56.5521
55.6642
55.1130
54.7071
52.9507
52.2407
51.6143
50.5280
49.6484
49.0352
48.0659
47.5485
46.5943
46.0427
44.9243
44.0869
42.9889
42.1336
41.2952
39.9905
39.8683
38.3122
38.3894
36.9442
36.1516
35.2078
34.5428
33.5545
32.6624
31.8889
31.4636
29.9667
29.5170
28.6121
28.0934
26.1562
25.8339
24.6457
24.2895
23.2349
22.8815
22.0148
21.2469
20.6233
19.5724
18.2544
18.5010
16.9506
16.3853
15.5794
14.6978
13.5712
13.5665
11.8228
10.6759
10.6965
9.6121
8.3968
7.4326
7.3046
6.2532
5.2061
4.7803
3.9344
3.2170
2.3059
1.0016
0.2946
359.6293
358.8993
358.0190
357.2696
356.1564
356.4257
354.7682
354.4124
353.3235
352.6581
351.4407
351.4755
349.7457
349.0489
348.3445
347.5671
346.6970
346.2776
345.1561
343.8502
342.7109
342.2002
341.2824
340.4537
340.0538
338.6178
337.8731
337.5399
336.5198
335.9934
335.1181
334.1910
333.4246
332.6857
331.3670
330.2153
329.9524
329.1519
328.5363
327.5028
326.8709
326.2655
325.4623
324.4607
323.3521
322.6534
322.3441
320.9129
319.7482
318.8004
318.0570
317.2043
316.8624
315.4040
315.3410
313.7233
313.6240
312.7284
312.0830
311.1774
310.0119
309.4781
308.7581
307.3525
306.9836
306.0972
304.8946
304.1130
303.3832
302.4571
301.9528
300.6854
299.6661
299.5512
298.6852
297.5672
296.4868
295.7758
295.0964
293.8471
292.8884
292.5219
291.7281
290.9179
290.0211
288.9927
287.9444
287.0081
286.3113
285.9972
284.8095
284.4869
283.2069
282.3696
281.6133
280.8376
279.9199
278.9641
278.0012
277.6587
276.5539
275.5220
275.0996
273.4084
273.1379
272.4257
271.6781
270.7840
269.5065
269.0030
267.5811
266.7069
265.8788
265.7276
264.5628
263.8427
262.6302
261.7545
261.4569
260.2266
259.4429
258.6364
258.1526
256.9580
256.2509
255.2905
255.4146
254.3751
252.6958
252.3644
251.5124
250.2751
249.6470
248.8006
247.3408
247.2432
246.3876
245.3987
244.1710
243.6403
242.9633
242.2536
241.6989
239.9972
239.4751
238.6597
238.0160
237.0758
235.7623
234.7878
234.1159
233.2837
232.6369
231.4393
230.9202
230.4810
229.5808
228.6357
228.1438
227.2712
225.9994
225.3252
224.4942
224.3219
223.3091
221.6516
221.7171
221.0360
220.3644
219.2685
218.7205
218.1845
217.1176
215.6097
214.7678
213.6386
212.9698
212.0976
211.7748
210.9131
209.5921
209.1815
208.3799
207.4520
206.5251
206.1767
205.5819
204.3963
203.4053
202.7938
201.3570
201.1529
200.5738
199.7319
198.7835
196.2732
196.4068
195.5393
195.3998
194.7242
192.9837
193.7275
192.5145
191.3050
190.2630
188.7963
188.6469
187.2738
186.6649
185.9771
184.6508
183.8927
183.6022
182.5643
181.0500
180.4888
179.7701
179.2308
178.9627
177.8228
176.3699
175.8012
175.2197
174.1325
173.5576
172.9577
171.6859
171.0544
170.4671
169.6051
168.7637
167.7800
167.2212
166.1725
166.0286
164.8773
164.0929
162.9902
162.1537
161.3460
160.6170
159.8474
159.0589
158.1629
157.4568
156.3823
155.5612
154.5756
154.0614
153.2110
151.8823
151.2956
150.9966
149.5823
149.1074
148.2613
147.1869
146.3566
145.5034
145.1933
144.0474
142.8016
142.1720
142.1333
141.1185
139.9213
138.8981
137.7622
137.0560
136.7411
135.8007
134.9691
134.0804
132.7841
132.1687
131.6289
130.2125
129.9631
129.1916
128.4033
127.2459
126.5004
126.0551
124.8131
124.0844
123.4784
122.7564
121.7622
120.6937
119.4226
119.0088
118.3795
117.3828
116.5692
115.9831
114.9202
113.9570
113.4153
112.3433
111.7849
111.0669
109.8187
109.1550
108.1150
107.6162
106.6543
105.8906
104.9127
103.7039
102.8299
102.3144
101.5514
101.0329
100.4768
99.6002
98.6116
98.0757
96.9049
95.8932
95.4164
94.2201
93.5480
92.6894
91.7396
90.6605
89.6336
88.8772
88.9752
87.4680
86.6964
86.1134
84.9190
84.1882
83.1966
82.8685
81.6378
80.2909
79.5393
79.0276
77.6683
77.5622
77.0364
75.7671
75.1702
74.0710
73.1403
72.5226
72.0796
71.6629
70.3475
69.2412
68.1494
67.6052
66.8466
66.4054
65.4591
64.3921
63.8305
63.3650
61.5397
61.5263
60.2497
59.4629
58.4433
57.3222
57.2739
55.4951
54.6205
53.7819
53.2292
52.2544
51.6574
50.5986
50.1137
49.0240
47.6687
47.3058
47.0742
46.0016
44.7803
44.4048
43.1360
41.6913
41.7377
40.5387
40.2809
39.1447
38.0025
37.9230
36.6179
35.7256
35.7001
33.0054
33.3555
32.2409
30.8464
30.0488
29.3335
28.3050
28.2212
26.9701
26.6158
25.7818
24.9053
24.1769
23.3145
22.1256
21.2700
19.9823
19.7460
19.3640
17.9703
16.8778
16.8320
15.1776
14.5339
13.7424
13.3714
12.0287
11.8683
10.9021
9.7121
8.8020
8.5449
7.1348
6.5507
5.9023
4.9689
4.5801
3.5639
2.5549
2.0835
1.3846
0.0197
359.3456
357.9001
357.5575
356.4810
355.7969
354.6979
354.7575
353.2479
352.7273
351.8272
351.2860
349.9837
348.7701
349.0309
348.2592
346.9029
346.1590
345.2134
344.1265
343.5418
341.7932
341.5804
341.3396
339.7705
339.2041
338.2790
337.5194
336.7776
335.6080
335.5894
334.2127
333.5020
332.4532
331.8745
330.8464
330.0465
329.0647
327.7430
326.9818
326.3690
325.8986
325.3624
324.1673
323.5439
322.5775
322.5055
320.9074
319.7253
318.8238
317.9366
317.4996
316.3605
315.6964
314.4415
314.0941
313.3125
312.5202
311.8229
310.2148
309.6274
309.4157
308.6643
307.1999
307.1044
306.2852
304.9285
304.2416
302.9759
302.2018
301.0449
300.5838
300.0033
299.1419
298.3034
297.5939
296.3776
295.6622
295.2956
293.7682
293.1303
292.3905
290.6541
290.7587
289.8365
288.4015
288.4981
286.6222
286.0398
285.4165
284.1205
283.9591
281.9801
280.5220
279.4910
279.1955
999.0000
277.7271
275.9705
275.1229
274.4315
272.9444
271.6634
270.9425
269.9081
268.9476
267.3808
266.9379
265.3426
263.9206
263.1886
999.0000
261.2047
259.1188
258.5759
257.2780
256.7953
255.1741
254.7638
253.1603
252.9505
251.1257
250.7487
249.1940
248.0728
248.1875
246.5429
246.2030
244.8990
243.1125
242.2981
241.4332
239.9789
239.3080
238.2024
237.3453
236.3284
235.7700
234.8513
233.3175
232.9744
232.0452
231.6460
230.5978
230.0572
228.9583
228.6737
227.9289
227.0005
227.4645
225.9483
225.7655
225.3498
224.9577
223.9956
223.6578
222.9346
222.6494

